  0   0   0   0   0   0   0   0   0   0   0   0   0   0   0   0
  0   0   0   0   0   0   0   0   0   0   0   0   0   0   0   0
  0   0   0   0   0   0   0   0   0   0   0   0   0   0   0   0
  0   0   0 255 255 255 255 255 255 255 255 255 255   0   0   0
  0   0   0 255 255 255 255 255 255 255 255 255 255   0   0   0
  0   0   0 255 255   0   0   0   0   0   0 255 255   0   0   0
  0   0   0 255 255   0   0   0   0   0   0 255 255   0   0   0
  0   0   0 255 255   0   0   0   0   0   0 255 255   0   0   0
  0   0   0 255 255   0   0   0   0   0   0 255 255   0   0   0
  0   0   0 255 255   0   0   0   0   0   0 255 255   0   0   0
  0   0   0 255 255   0   0   0   0   0   0 255 255   0   0   0
  0   0   0   0   0   0   0   0   0   0   0 255 255   0   0   0
  0   0   0   0   0   0   0   0   0   0   0 255 255   0   0   0
  0   0   0   0   0   0   0   0   0   0   0   0   0   0   0   0
  0   0   0   0   0   0   0   0   0   0   0   0   0   0   0   0
  0   0   0   0   0   0   0   0   0   0   0   0   0   0   0   0
  0   0   0   0   0   0   0   0   0   0   0   0   0   0   0   0
  0   0   0   0   0   0   0   0   0   0   0   0   0   0   0   0
  0   0   0   0   0   0   0   0   0   0   0   0   0   0   0   0
  0   0   0 255 255 255 255 255 255 255 255 255 255   0   0   0
  0   0   0 255 255 255 255 255 255 255 255 255 255   0   0   0
  0   0   0 255 255   0   0   0   0   0   0 255 255   0   0   0
  0   0   0 255 255   0   0   0   0   0   0 255 255   0   0   0
  0   0   0 255 255   0   0   0   0   0   0 255 255   0   0   0
  0   0   0 255 255   0   0   0   0   0   0 255 255   0   0   0
  0   0   0 255 255   0   0   0   0   0   0 255 255   0   0   0
  0   0   0 255 255   0   0   0   0   0   0 255 255   0   0   0
  0   0   0   0   0   0   0   0   0   0   0 255 255   0   0   0
  0   0   0   0   0   0   0   0   0   0   0 255 255   0   0   0
  0   0   0   0   0   0   0   0   0   0   0   0   0   0   0   0
  0   0   0   0   0   0   0   0   0   0   0   0   0   0   0   0
  0   0   0   0   0   0   0   0   0   0   0   0   0   0   0   0
  0   0   0   0   0   0   0   0   0   0   0   0   0   0   0   0
  0   0   0   0   0   0   0   0   0   0   0   0   0   0   0   0
  0   0   0   0   0   0   0   0   0   0   0   0   0   0   0   0
  0   0   0 255 255 255 255 255 255 255 255 255 255   0   0   0
  0   0   0 255 255 255 255 255 255 255 255 255 255   0   0   0
  0   0   0 255 255   0   0   0   0   0   0 255 255   0   0   0
  0   0   0 255 255   0   0   0   0   0   0 255 255   0   0   0
  0   0   0 255 255   0   0   0   0   0   0 255 255   0   0   0
  0   0   0 255 255   0   0   0   0   0   0 255 255   0   0   0
  0   0   0 255 255   0   0   0   0   0   0 255 255   0   0   0
  0   0   0 255 255   0   0   0   0   0   0 255 255   0   0   0
  0   0   0   0   0   0   0   0   0   0   0 255 255   0   0   0
  0   0   0   0   0   0   0   0   0   0   0 255 255   0   0   0
  0   0   0   0   0   0   0   0   0   0   0   0   0   0   0   0
  0   0   0   0   0   0   0   0   0   0   0   0   0   0   0   0
  0   0   0   0   0   0   0   0   0   0   0   0   0   0   0   0

  0   0   0   0   0   0   0   0   0   0   0   0   0   0   0   0
  0   0   0   0   0   0   0   0   0   0   0   0   0   0   0   0
  0   0   0   0   0   0   0   0   0   0   0   0   0   0   0   0
  0   0   0 255 255 255 255 255 255 255 255 255 255   0   0   0
  0   0   0 255 255 255 255 255 255 255 255 255 255   0   0   0
  0   0   0 255 255   0   0   0   0   0   0   0   0   0   0   0
  0   0   0 255 255   0   0   0   0   0   0   0   0   0   0   0
  0   0   0 255 255   0   0   0   0   0   0   0   0   0   0   0
  0   0   0 255 255   0   0   0   0   0   0   0   0   0   0   0
  0   0   0 255 255   0   0   0   0   0   0   0   0   0   0   0
  0   0   0 255 255   0   0   0   0   0   0   0   0   0   0   0
  0   0   0 255 255 255 255 255 255 255 255   0   0   0   0   0
  0   0   0 255 255 255 255 255 255 255 255   0   0   0   0   0
  0   0   0   0   0   0   0   0   0   0   0   0   0   0   0   0
  0   0   0   0   0   0   0   0   0   0   0   0   0   0   0   0
  0   0   0   0   0   0   0   0   0   0   0   0   0   0   0   0
  0   0   0   0   0   0   0   0   0   0   0   0   0   0   0   0
  0   0   0   0   0   0   0   0   0   0   0   0   0   0   0   0
  0   0   0   0   0   0   0   0   0   0   0   0   0   0   0   0
  0   0   0 255 255 255 255 255 255 255 255 255 255   0   0   0
  0   0   0 255 255 255 255 255 255 255 255 255 255   0   0   0
  0   0   0 255 255   0   0   0   0   0   0   0   0   0   0   0
  0   0   0 255 255   0   0   0   0   0   0   0   0   0   0   0
  0   0   0 255 255   0   0   0   0   0   0   0   0   0   0   0
  0   0   0 255 255   0   0   0   0   0   0   0   0   0   0   0
  0   0   0 255 255   0   0   0   0   0   0   0   0   0   0   0
  0   0   0 255 255   0   0   0   0   0   0   0   0   0   0   0
  0   0   0 255 255 255 255 255 255 255 255   0   0   0   0   0
  0   0   0 255 255 255 255 255 255 255 255   0   0   0   0   0
  0   0   0   0   0   0   0   0   0   0   0   0   0   0   0   0
  0   0   0   0   0   0   0   0   0   0   0   0   0   0   0   0
  0   0   0   0   0   0   0   0   0   0   0   0   0   0   0   0
  0   0   0   0   0   0   0   0   0   0   0   0   0   0   0   0
  0   0   0   0   0   0   0   0   0   0   0   0   0   0   0   0
  0   0   0   0   0   0   0   0   0   0   0   0   0   0   0   0
  0   0   0 255 255 255 255 255 255 255 255 255 255   0   0   0
  0   0   0 255 255 255 255 255 255 255 255 255 255   0   0   0
  0   0   0 255 255   0   0   0   0   0   0   0   0   0   0   0
  0   0   0 255 255   0   0   0   0   0   0   0   0   0   0   0
  0   0   0 255 255   0   0   0   0   0   0   0   0   0   0   0
  0   0   0 255 255   0   0   0   0   0   0   0   0   0   0   0
  0   0   0 255 255   0   0   0   0   0   0   0   0   0   0   0
  0   0   0 255 255   0   0   0   0   0   0   0   0   0   0   0
  0   0   0 255 255 255 255 255 255 255 255   0   0   0   0   0
  0   0   0 255 255 255 255 255 255 255 255   0   0   0   0   0
  0   0   0   0   0   0   0   0   0   0   0   0   0   0   0   0
  0   0   0   0   0   0   0   0   0   0   0   0   0   0   0   0
  0   0   0   0   0   0   0   0   0   0   0   0   0   0   0   0

  0   0   0   0   0   0   0   0   0   0   0   0   0   0   0   0
  0   0   1   3   3   0   0   0   0   0   0   0   0   0   0   0
  0   1  58 118 122  23   0   0   0   0   0   0   0   0   0   0
  0   3 118 241 248  48   0   0   0   0   0   0   0   0   0   0
  0   3 122 248 255  49   0   0   0   0   0   0   0   0   0   0
  0   3 122 248 255  49   0   0   0   0  42 204 197  86   2   0
  0   3 122 248 255  49   0   0   0   0  53 255 246 108   2   0
  0   3 122 248 255  49   0   0   0   0  53 255 246 108   2   0
  0   3 122 248 255  49   0   0   0   0  53 255 246 108   2   0
  0   3 122 248 255  49   0   0   0   0  53 255 246 108   2   0
  0   3 122 248 255  92  53  53  53  53  95 255 246 108   2   0
  0   3 122 248 255 255 255 255 255 255 255 255 246 108   2   0
  0   3 118 240 246 246 246 246 246 246 246 246 238 104   2   0
  0   1  51 105 108 108 108 108 108 108 108 108 104  45   1   0
  0   0   1   2   2   2   2   2   2   2   2   2   2   1   0   0
  0   0   0   0   0   0   0   0   0   0   0   0   0   0   0   0
  0   0   0   0   0   0   0   0   0   0   0   0   0   0   0   0
  0   0   1   3   3   0   0   0   0   0   0   0   0   0   0   0
  0   1  58 118 122  23   0   0   0   0   0   0   0   0   0   0
  0   3 118 241 248  48   0   0   0   0   0   0   0   0   0   0
  0   3 122 248 255  49   0   0   0   0   0   0   0   0   0   0
  0   3 122 248 255  49   0   0   0   0  42 204 197  86   2   0
  0   3 122 248 255  49   0   0   0   0  53 255 246 108   2   0
  0   3 122 248 255  49   0   0   0   0  53 255 246 108   2   0
  0   3 122 248 255  49   0   0   0   0  53 255 246 108   2   0
  0   3 122 248 255  49   0   0   0   0  53 255 246 108   2   0
  0   3 122 248 255  92  53  53  53  53  95 255 246 108   2   0
  0   3 122 248 255 255 255 255 255 255 255 255 246 108   2   0
  0   3 118 240 246 246 246 246 246 246 246 246 238 104   2   0
  0   1  51 105 108 108 108 108 108 108 108 108 104  45   1   0
  0   0   1   2   2   2   2   2   2   2   2   2   2   1   0   0
  0   0   0   0   0   0   0   0   0   0   0   0   0   0   0   0
  0   0   0   0   0   0   0   0   0   0   0   0   0   0   0   0
  0   0   1   3   3   0   0   0   0   0   0   0   0   0   0   0
  0   1  58 118 122  23   0   0   0   0   0   0   0   0   0   0
  0   3 118 241 248  48   0   0   0   0   0   0   0   0   0   0
  0   3 122 248 255  49   0   0   0   0   0   0   0   0   0   0
  0   3 122 248 255  49   0   0   0   0  42 204 197  86   2   0
  0   3 122 248 255  49   0   0   0   0  53 255 246 108   2   0
  0   3 122 248 255  49   0   0   0   0  53 255 246 108   2   0
  0   3 122 248 255  49   0   0   0   0  53 255 246 108   2   0
  0   3 122 248 255  49   0   0   0   0  53 255 246 108   2   0
  0   3 122 248 255  92  53  53  53  53  95 255 246 108   2   0
  0   3 122 248 255 255 255 255 255 255 255 255 246 108   2   0
  0   3 118 240 246 246 246 246 246 246 246 246 238 104   2   0
  0   1  51 105 108 108 108 108 108 108 108 108 104  45   1   0
  0   0   1   2   2   2   2   2   2   2   2   2   2   1   0   0
  0   0   0   0   0   0   0   0   0   0   0   0   0   0   0   0

  0   0   0   0   0   0   0   0   0   0   0   0   0   0   0   0
  0   0   0   0   0   3   3   3   3   3   3   3   3   1   0   0
  0   0   0   0   0  92 115 115 115 115 115 115 112  52   1   0
  0   0   0   0   0 197 247 247 247 247 247 247 240 112   3   0
  0   0   0   0   0 203 255 255 255 255 255 255 247 115   3   0
  0   0   0   0   0  41  51  51  51  51  92 255 247 115   3   0
  0   0   0   0   0   0   0   0   0   0  51 255 247 115   3   0
  0   0   0   0   0   0   0   0   0   0  51 255 247 115   3   0
  0   0   0   0   0   0   0   0   0   0  51 255 247 115   3   0
  0   0   0   0   0   0   0   0   0   0  51 255 247 115   3   0
  0   1  23  50  51  51  51  51  51  51  92 255 247 115   3   0
  0   3 115 247 255 255 255 255 255 255 255 255 247 115   3   0
  0   3 112 240 247 247 247 247 247 247 247 247 240 112   3   0
  0   1  52 112 115 115 115 115 115 115 115 115 112  52   1   0
  0   0   1   3   3   3   3   3   3   3   3   3   3   1   0   0
  0   0   0   0   0   0   0   0   0   0   0   0   0   0   0   0
  0   0   0   0   0   0   0   0   0   0   0   0   0   0   0   0
  0   0   0   0   0   3   3   3   3   3   3   3   3   1   0   0
  0   0   0   0   0  92 115 115 115 115 115 115 112  52   1   0
  0   0   0   0   0 197 247 247 247 247 247 247 240 112   3   0
  0   0   0   0   0 203 255 255 255 255 255 255 247 115   3   0
  0   0   0   0   0  41  51  51  51  51  92 255 247 115   3   0
  0   0   0   0   0   0   0   0   0   0  51 255 247 115   3   0
  0   0   0   0   0   0   0   0   0   0  51 255 247 115   3   0
  0   0   0   0   0   0   0   0   0   0  51 255 247 115   3   0
  0   0   0   0   0   0   0   0   0   0  51 255 247 115   3   0
  0   1  23  50  51  51  51  51  51  51  92 255 247 115   3   0
  0   3 115 247 255 255 255 255 255 255 255 255 247 115   3   0
  0   3 112 240 247 247 247 247 247 247 247 247 240 112   3   0
  0   1  52 112 115 115 115 115 115 115 115 115 112  52   1   0
  0   0   1   3   3   3   3   3   3   3   3   3   3   1   0   0
  0   0   0   0   0   0   0   0   0   0   0   0   0   0   0   0
  0   0   0   0   0   0   0   0   0   0   0   0   0   0   0   0
  0   0   0   0   0   3   3   3   3   3   3   3   3   1   0   0
  0   0   0   0   0  92 115 115 115 115 115 115 112  52   1   0
  0   0   0   0   0 197 247 247 247 247 247 247 240 112   3   0
  0   0   0   0   0 203 255 255 255 255 255 255 247 115   3   0
  0   0   0   0   0  41  51  51  51  51  92 255 247 115   3   0
  0   0   0   0   0   0   0   0   0   0  51 255 247 115   3   0
  0   0   0   0   0   0   0   0   0   0  51 255 247 115   3   0
  0   0   0   0   0   0   0   0   0   0  51 255 247 115   3   0
  0   0   0   0   0   0   0   0   0   0  51 255 247 115   3   0
  0   1  23  50  51  51  51  51  51  51  92 255 247 115   3   0
  0   3 115 247 255 255 255 255 255 255 255 255 247 115   3   0
  0   3 112 240 247 247 247 247 247 247 247 247 240 112   3   0
  0   1  52 112 115 115 115 115 115 115 115 115 112  52   1   0
  0   0   1   3   3   3   3   3   3   3   3   3   3   1   0   0
  0   0   0   0   0   0   0   0   0   0   0   0   0   0   0   0
